% Getriebedaten der 3D-Servo-Presse (Prototyp), vgl. Stablängen Geogebra

r = 20;
s1 = 180;
s2 = 132;
s3 = 132;
s4 = 57.14;
s5 = 200;
s6 = 156.32;
s7 = 156.32;
s8 = 164;
s9 = 164;
s10 = 164;